51514.441406  0.000000  
-663.380737  1566.849976  
1557.339478  -285.128571  
-317.888245  -493.237915  
1557.110107  -711.327148  
-877.200867  749.217224  
232.863525  585.895081  
228.192001  1679.793579  
-1326.277588  -715.063904  
-479.308746  249.735886  
646.026062  -849.198242  
131.846344  -534.140137  
-136.770340  -581.374634  
115.140167  538.363037  
-886.931519  689.979187  
-11.983395  1385.121216  
234.761215  263.225739  
1028.619263  -381.382751  
-248.247910  -620.568176  
47.642033  407.374847  
615.213745  887.798767  
1057.631226  86.902428  
-659.534058  613.457520  
298.965332  228.378723  
62.778282  557.992859  
436.351196  -572.125977  
879.580139  502.474487  
-548.418762  350.481567  
-425.480469  -1009.587891  
589.533020  -1418.675293  
1098.795166  -877.647034  
-131.388382  -879.840576  
141.814835  -648.075989  
-334.231628  566.679077  
-346.985138  -774.749268  
-415.018402  643.674377  
-844.655884  -784.487915  
-459.618805  508.922485  
-628.241699  -2.145863  
438.644165  -747.466370  
195.910233  471.460449  
-610.973755  -860.718994  
-442.690521  952.121643  
-485.879242  74.118683  
-443.563507  -631.678284  
485.873230  -861.318970  
839.891052  -546.884766  
1418.840820  610.963257  
367.945923  -925.176636  
945.877625  -614.733215  
1598.128906  33.906673  
1028.780029  1368.211792  
-413.870178  360.433807  
663.930054  -117.100716  
-644.838989  -45.147419  
460.684113  -132.128662  
-153.101440  514.920166  
-8.927250  407.162720  
264.562805  716.327942  
160.825302  285.686310  
-154.152161  258.179596  
121.037170  -573.456848  
504.723785  -93.410896  
305.118408  528.553223  
981.195068  616.317749  
40.475296  -3.653073  
166.501160  313.780518  
288.696045  -706.510925  
920.493774  -401.929474  
-370.655914  654.403381  
-931.785034  -263.587891  
667.118042  -185.066788  
184.749756  -866.935608  
-669.410400  245.886475  
59.958946  732.069885  
-461.021423  -433.604248  
-1594.508301  -292.861938  
-1002.833740  972.424500  
1873.728149  889.922119  
379.422272  414.917267  
51.810551  1068.428711  
-714.701599  833.785706  
348.684296  -581.947510  
-239.206360  -339.101990  
-730.978516  242.306488  
-339.092957  881.931396  
514.443298  -285.779724  
-38.419487  -554.844055  
-140.590164  603.157349  
0.529790  12.343037  
587.403015  309.824921  
413.085236  -87.089325  
1297.517822  661.462708  
-49.787895  -92.353058  
162.864227  -936.709106  
-1069.983154  1154.109253  
178.879196  330.714478  
-1094.883301  -1072.705811  
68.171883  -1144.172607  
537.743591  431.884766  
-630.562378  231.052536  
-1036.234497  -201.791977  
1262.285767  -343.773224  
309.065186  354.188782  
898.700256  -561.779175  
-1687.455811  472.950836  
-32.862377  -21.330429  
-1376.159546  150.456573  
372.569214  -462.779327  
177.613144  600.009705  
-76.832512  1061.716431  
-888.754456  -131.763412  
934.342163  -391.296112  
550.764771  -668.397766  
-691.187683  252.936096  
225.022842  164.422867  
25.544548  -89.389107  
878.176025  -1382.148682  
-481.609344  -485.916718  
-898.412720  169.286652  
-207.043533  -910.247253  
-560.037781  550.863037  
123.703171  -571.395996  
686.606140  -425.521515  
761.352173  254.506683  
325.060669  142.915695  
-266.645111  -150.947266  
602.694153  -724.107239  
15.664156  -632.288147  
-439.325439  -140.801270  
278.626923  -180.312683  
705.187561  524.420837  
727.187012  -899.659180  
-541.001953  -380.458466  
447.446014  -477.682587  
48.272228  541.468079  
-596.716858  -783.074768  
236.817139  -651.913330  
-628.721558  -52.378773  
636.079590  -145.538193  
-522.911072  811.578186  
-1300.941406  -116.848549  
-425.461670  -663.433960  
157.668289  -432.604065  
166.013641  -391.410583  
53.875587  820.516296  
665.420227  -460.452759  
271.262146  -274.511871  
-204.363205  120.889725  
-101.661728  912.144104  
-592.899414  -752.402893  
223.696991  1145.428833  
926.436218  333.572388  
12.533402  45.043327  
-801.669189  659.761719  
377.241669  1865.435059  
249.559143  -481.408844  
-209.385300  1115.037964  
229.779770  1165.770874  
229.840607  533.534607  
-606.261230  -178.128571  
-334.138824  1163.517578  
55.582817  -299.852905  
-570.421021  -129.901688  
-999.357971  140.885117  
156.653839  -77.711067  
332.764343  -409.805206  
-62.251740  212.041504  
-9.115666  -382.925934  
-1132.828369  578.558044  
-333.252991  319.150696  
598.250366  115.105057  
-491.096130  -266.639862  
-646.801575  -796.742126  
555.111633  745.473022  
907.263000  498.619354  
-187.433594  278.963074  
-570.679382  -783.435852  
-405.683197  -788.744080  
-574.707458  117.458961  
-210.747147  547.370056  
-288.573944  878.429443  
1037.231689  -412.465729  
692.657898  -663.766968  
1436.086060  -382.803467  
-887.714355  -275.986481  
1077.803467  -1458.481445  
-534.583191  262.831940  
-802.883789  -889.349915  
-659.876831  -670.700439  
-90.380463  297.760071  
-184.576279  -350.310272  
-572.669617  -422.203644  
789.615112  -384.832306  
-98.443817  -89.651260  
-352.374207  -1135.486450  
-1420.935669  372.750153  
224.979156  1143.074707  
-81.465088  -622.988037  
110.451843  -416.426941  
-958.496582  -911.197632  
-1489.144653  -200.208633  
-229.162292  -267.858612  
158.035034  -266.728882  
-1086.849854  577.479675  
-232.558731  -977.329041  
-616.439941  258.757629  
-125.569534  -278.759705  
581.790405  378.880035  
510.687927  343.025391  
-924.328979  678.455994  
-419.850403  -389.837494  
-594.804932  138.444763  
-737.299316  384.927551  
-7.077622  945.600708  
1097.946045  -2.127695  
426.163147  -148.531418  
244.042419  -236.793518  
1638.738647  -1815.865112  
1103.454468  99.327324  
979.071228  -3.645992  
-121.245323  659.977539  
-147.969864  651.034973  
-140.795776  670.015381  
-637.698364  -117.722343  
-552.255249  -403.485199  
240.492157  1860.337280  
-622.465149  -260.870605  
241.981598  -465.914337  
-633.294922  77.138222  
-1069.991455  -534.964905  
-1793.633667  429.204559  
-56.595360  260.131226  
452.070435  -151.242279  
465.561615  446.663818  
-418.410400  -849.683655  
-373.851868  503.737732  
-144.299561  -1084.824341  
-302.168884  -344.918457  
1031.666138  245.146942  
295.480743  139.240448  
-999.438965  137.161346  
-685.869873  286.391327  
1069.978638  -193.544540  
1289.565308  544.239929  
1680.543091  -238.038284  
90.814400  -314.793335  
770.153259  1397.062744  
-770.571045  -81.767204  
-327.942749  26.895237  
658.205994  -1475.682617  
474.918549  770.805847  
979.696777  1088.006226  
-105.471802  552.688049  
404.108917  851.284058  
-124.221397  1156.482666  
-275.258636  -1303.653687  
194.724304  1026.108398  
-207.989044  -820.328430  
688.763977  902.956787  
1213.321167  802.449158  
-1496.609741  661.100342  
137.454727  33.622742  
-151.871246  896.517212  
-636.588806  -291.444244  
822.927124  124.988602  
-456.413971  140.330429  
367.955688  496.850677  
-118.783310  1129.263550  
-400.919159  -250.429398  
518.610596  113.700699  
-839.292908  -934.933167  
345.349182  -109.348251  
144.686600  -255.025055  
1000.186340  -375.399353  
-16.922401  104.872871  
107.264137  210.925217  
-427.385803  384.548706  
720.369263  755.900269  
316.974976  -197.803757  
556.162048  -285.287415  
363.639679  -521.444580  
366.538025  287.764557  
422.090973  -766.206909  
-1281.320801  572.520630  
40.324497  460.516937  
-869.690979  -385.922821  
725.197266  82.798515  
-1432.074707  262.672363  
-708.678467  700.579346  
1126.664307  137.064148  
648.256287  -182.504089  
410.571014  702.974792  
1131.347046  1982.455444  
325.759552  -245.454926  
387.834991  19.770836  
395.565918  94.665192  
-820.942200  -408.445831  
325.684998  -573.636047  
-471.542419  -1333.192871  
107.404686  -692.775696  
647.719360  628.342896  
34.600891  269.985229  
344.806580  328.371674  
-130.654572  -1502.014771  
812.288391  985.455627  
-1375.093994  -225.480835  
493.750183  -36.102665  
-792.593506  -223.332001  
-252.054688  512.578491  
455.061066  -1358.409180  
211.986252  -1346.239136  
-404.321289  373.587799  
-738.946838  -1045.810913  
1366.779175  -1291.370728  
-234.141724  -265.325867  
-612.441040  23.994637  
-8.593178  132.471390  
165.295792  -460.506195  
-951.301453  -257.989777  
338.699005  -279.993530  
-615.355530  -72.379028  
-806.384827  438.858612  
570.652466  -119.798470  
-577.250977  378.453644  
-775.471863  -355.867859  
445.226379  833.188049  
-849.522400  291.984802  
-529.261719  -369.708923  
528.201538  -301.644287  
-124.670601  6.071222  
-842.678101  -1243.519531  
243.763641  146.176880  
-286.438141  1102.831787  
236.206787  -105.235909  
-488.747223  -189.507782  
-379.884918  1204.101074  
-1049.636841  113.620117  
-92.097214  -94.031319  
58.370781  1062.510376  
-455.519958  1024.248291  
334.430573  -253.509735  
436.799103  -125.498962  
-385.051666  -319.312897  
533.994873  -828.378967  
-1334.085327  839.408081  
25.914776  -807.555603  
-56.579376  -456.969116  
39.282036  -1160.656982  
422.715607  -558.890686  
-535.795288  -323.351440  
776.025330  -773.855713  
-274.183594  313.412231  
-402.833893  -1181.299438  
-893.111633  1424.593628  
108.376099  -518.607300  
-867.494324  -924.998169  
379.745789  302.169189  
-0.454724  -1444.394531  
-18.317186  480.492798  
-437.471283  170.513199  
146.154572  -839.088989  
275.291290  -198.360123  
234.278137  -96.203972  
364.701569  -211.218399  
1441.898682  275.584564  
-54.867958  -3.114080  
606.759521  220.973511  
-1227.118164  324.256348  
179.382462  -953.053650  
-545.245483  -198.669250  
-170.330521  353.983032  
-82.386375  458.627991  
-186.582001  -1308.072754  
285.770966  501.893005  
-467.191986  -121.921692  
288.998169  -108.837631  
-14.190865  -187.837814  
438.266418  -727.494507  
107.223366  580.748108  
-1154.709595  620.540100  
-83.934654  464.022919  
1458.202026  447.532074  
1105.002075  743.835266  
839.565002  -15.906334  
-0.190115  -194.996353  
-960.584351  -366.962799  
-672.175781  -30.889936  
-118.969681  -154.017227  
-386.237701  176.162537  
-589.745789  -394.046844  
56.494553  262.838715  
-554.601440  283.185730  
-1416.624512  -305.133026  
-10.061407  475.474792  
-946.008484  -115.095604  
379.010803  -638.378845  
609.216187  382.324829  
243.108459  283.195221  
-341.535034  -77.301094  
-490.751465  -350.496735  
1385.742188  -81.045570  
-660.472900  -1133.250488  
-692.979614  -106.561829  
-151.232101  -6.938753  
29.782402  -483.209076  
508.898834  470.866730  
476.451538  647.169128  
-578.108582  -107.477997  
782.460144  -582.014771  
-849.845581  179.881912  
-1071.762573  339.328857  
1284.496094  873.039429  
104.124474  358.181427  
1096.161377  -295.880157  
-1810.728271  -72.416153  
-781.804993  -234.461838  
-161.159943  -773.713379  
-350.409912  776.773926  
204.273468  1281.495605  
-267.721313  76.042511  
695.562073  607.221741  
-885.496643  -423.367126  
631.719604  -27.413570  
284.271454  -136.431107  
571.090027  -734.512024  
-31.411911  -12.558314  
-742.891418  423.334229  
1136.014404  -717.382690  
134.839706  982.320801  
1075.542969  -90.243622  
-2.666998  -85.439133  
-1089.409546  1120.697754  
-722.613892  -289.777985  
-125.845215  5.123228  
-71.811020  618.460938  
-1183.423584  509.727570  
591.552002  160.433380  
337.324799  812.009155  
66.811874  1234.108887  
195.950378  1029.271729  
-59.449005  -414.870941  
-221.891571  -250.240463  
-1107.717651  366.787109  
629.675842  -874.143616  
-942.604919  -628.690308  
-242.543457  -1089.266357  
-655.312256  -437.352844  
-238.986893  -219.687988  
195.426529  627.209839  
127.098755  -674.965271  
430.762878  -661.911316  
1108.619507  563.983643  
-806.715210  1062.055298  
170.104935  423.037140  
-584.689087  -272.761169  
988.760742  -484.943970  
450.573547  -26.205517  
-46.131802  1414.448975  
-956.843445  -1142.314575  
-1235.589233  388.654480  
643.495728  104.355789  
-540.202515  708.220398  
475.838562  -266.375153  
1129.983765  -516.872498  
-579.629028  -107.558586  
268.859589  -3.642333  
1055.164673  -198.980087  
-995.690247  -911.531250  
56.475212  596.628174  
-265.929382  -327.117157  
-13.146687  -584.072693  
33.382511  145.233383  
-1173.504272  -89.462753  
-129.109238  -68.915390  
1200.327148  298.246948  
-263.808838  462.635101  
-509.681976  943.964355  
-7.830572  -409.752075  
-985.936646  -1112.729858  
265.245331  -495.072449  
129.694962  -762.992554  
-526.946899  748.347168  
1219.931396  -882.271118  
621.897400  92.472549  
546.161438  -292.781891  
1006.702637  574.926819  
-74.813889  83.005592  
-446.943817  27.472569  
-29.995214  -804.433838  
-584.721069  14.021217  
-470.228485  -962.960938  
-457.777832  542.532837  
-141.054459  884.854248  
1209.697388  -1136.240601  
-342.988586  904.307861  
-705.491882  2023.271362  
539.227417  426.834106  
127.546394  132.517593  
183.364029  -208.648438  
-998.984924  1185.193970  
-227.453751  -86.678055  
31.578493  -87.823151  
-294.355072  35.326363  
-1517.470215  646.311279  
652.116516  -64.746246  
1716.100342  -452.389374  
-1228.184082  228.126144  
-98.470116  110.637497  
-1094.978882  982.201599  
940.702332  -903.361389  
-251.010254  262.971924  
-516.067505  0.000000  
-251.010178  -262.971985  
940.702454  903.361511  
-1094.978882  -982.201416  
-98.470215  -110.637543  
-1228.184082  -228.126144  
1716.100342  452.389374  
652.116516  64.746384  
-1517.470215  -646.311340  
-294.355164  -35.326340  
31.578588  87.823196  
-227.453705  86.678055  
-998.984985  -1185.194092  
183.363968  208.648499  
127.546402  -132.517593  
539.227417  -426.834015  
-705.491821  -2023.271240  
-342.988464  -904.307861  
1209.697510  1136.240479  
-141.054489  -884.854431  
-457.777832  -542.532837  
-470.228668  962.961121  
-584.721069  -14.021206  
-29.995228  804.433838  
-446.943817  -27.472591  
-74.813866  -83.005615  
1006.702637  -574.926880  
546.161438  292.781982  
621.897339  -92.472549  
1219.931274  882.271179  
-526.946716  -748.347168  
129.695053  762.992554  
265.245300  495.072571  
-985.936768  1112.729858  
-7.830513  409.752075  
-509.682037  -943.964294  
-263.808838  -462.635132  
1200.327148  -298.247040  
-129.109192  68.915367  
-1173.504028  89.462921  
33.382488  -145.233398  
-13.146758  584.072815  
-265.929474  327.117249  
56.475281  -596.628174  
-995.690369  911.531372  
1055.164551  198.980087  
268.859711  3.642321  
-579.628967  107.558510  
1129.983765  516.872498  
475.838409  266.375092  
-540.202454  -708.220398  
643.495728  -104.355812  
-1235.589233  -388.654388  
-956.843689  1142.314575  
-46.131969  -1414.448853  
450.573547  26.205587  
988.760864  484.943970  
-584.689026  272.761047  
170.104889  -423.037140  
-806.715210  -1062.055542  
1108.619507  -563.983826  
430.762878  661.911377  
127.098801  674.965210  
195.426498  -627.209839  
-238.986923  219.687943  
-655.312378  437.352753  
-242.543488  1089.266479  
-942.605042  628.690430  
629.675903  874.143494  
-1107.717651  -366.787079  
-221.891602  250.240372  
-59.449005  414.870789  
195.950348  -1029.271851  
66.811821  -1234.108887  
337.324768  -812.009338  
591.552063  -160.433456  
-1183.423462  -509.727661  
-71.811058  -618.460815  
-125.845047  -5.123186  
-722.614014  289.777954  
-1089.409546  -1120.697876  
-2.667141  85.439011  
1075.542969  90.243675  
134.839783  -982.320801  
1136.014404  717.382629  
-742.891296  -423.334229  
-31.411911  12.558306  
571.090088  734.512024  
284.271454  136.431046  
631.719604  27.413713  
-885.496643  423.367218  
695.562134  -607.221863  
-267.721313  -76.042465  
204.273605  -1281.495605  
-350.409851  -776.773926  
-161.160141  773.713379  
-781.805054  234.461838  
-1810.728271  72.416214  
1096.161255  295.880188  
104.124496  -358.181519  
1284.496094  -873.039429  
-1071.762695  -339.328918  
-849.845520  -179.881866  
782.459961  582.014893  
-578.108521  107.477997  
476.451599  -647.169006  
508.898834  -470.866669  
29.782391  483.209045  
-151.232101  6.938767  
-692.979553  106.561806  
-660.472900  1133.250488  
1385.742188  81.045677  
-490.751495  350.496735  
-341.535034  77.301071  
243.108459  -283.195099  
609.216187  -382.324707  
379.010681  638.378906  
-946.008606  115.095612  
-10.061431  -475.474823  
-1416.624512  305.132996  
-554.601379  -283.185822  
56.494545  -262.838593  
-589.745789  394.046783  
-386.237793  -176.162338  
-118.969635  154.017258  
-672.175781  30.889797  
-960.584229  366.962830  
-0.190258  194.996216  
839.565002  15.906339  
1105.002075  -743.835144  
1458.202026  -447.531952  
-83.934692  -464.022888  
-1154.709595  -620.540100  
107.223297  -580.747925  
438.266479  727.494385  
-14.190888  187.837799  
288.998138  108.837685  
-467.191895  121.921707  
285.770905  -501.893005  
-186.582092  1308.072998  
-82.386467  -458.628143  
-170.330566  -353.983032  
-545.245544  198.669296  
179.382507  953.053467  
-1227.118164  -324.256317  
606.759583  -220.973495  
-54.867889  3.114080  
1441.898682  -275.584534  
364.701569  211.218353  
234.278107  96.204010  
275.291168  198.360107  
146.154495  839.088928  
-437.471283  -170.513245  
-18.317150  -480.492676  
-0.454617  1444.394653  
379.745575  -302.169403  
-867.494385  924.998108  
108.376076  518.607117  
-893.111633  -1424.593750  
-402.833923  1181.299438  
-274.183594  -313.412231  
776.025452  773.855713  
-535.795166  323.351440  
422.715607  558.890503  
39.282131  1160.656982  
-56.579445  456.969116  
25.914753  807.555420  
-1334.085083  -839.408020  
533.994873  828.378967  
-385.051636  319.312988  
436.799133  125.498985  
334.430573  253.509766  
-455.519867  -1024.248413  
58.370842  -1062.510498  
-92.097198  94.031456  
-1049.636719  -113.620033  
-379.884949  -1204.100952  
-488.747223  189.507751  
236.206573  105.236008  
-286.438141  -1102.831787  
243.763596  -146.176956  
-842.677856  1243.519653  
-124.670555  -6.071186  
528.201538  301.644287  
-529.261780  369.708923  
-849.522278  -291.984711  
445.226379  -833.187988  
-775.471985  355.867706  
-577.250977  -378.453552  
570.652466  119.798615  
-806.384827  -438.858551  
-615.355652  72.379028  
338.698975  279.993530  
-951.301453  257.989685  
165.295822  460.506165  
-8.593082  -132.471375  
-612.441162  -23.994518  
-234.141785  265.325897  
1366.779175  1291.370728  
-738.946838  1045.810913  
-404.321289  -373.587891  
211.986298  1346.239136  
455.060913  1358.409302  
-252.054688  -512.578552  
-792.593323  223.332031  
493.750092  36.102650  
-1375.093994  225.480865  
812.288391  -985.455627  
-130.654556  1502.014893  
344.806519  -328.371674  
34.600975  -269.985199  
647.719360  -628.342896  
107.404587  692.775696  
-471.542358  1333.192871  
325.684998  573.636047  
-820.942017  408.445923  
395.565887  -94.665184  
387.835114  -19.770960  
325.759644  245.455124  
1131.346924  -1982.455200  
410.571014  -702.974792  
648.256409  182.504105  
1126.664429  -137.064163  
-708.678528  -700.579468  
-1432.074829  -262.672363  
725.197327  -82.798454  
-869.690918  385.922760  
40.324497  -460.516846  
-1281.320801  -572.520569  
422.090973  766.206848  
366.538147  -287.764587  
363.639648  521.444580  
556.161865  285.287415  
316.975067  197.803680  
720.369263  -755.900330  
-427.385803  -384.548676  
107.264236  -210.925201  
-16.922464  -104.872803  
1000.186340  375.399323  
144.686707  255.025177  
345.349060  109.348297  
-839.292908  934.933105  
518.610535  -113.700851  
-400.919006  250.429413  
-118.783234  -1129.263550  
367.955719  -496.850677  
-456.414093  -140.330582  
822.927124  -124.988518  
-636.588928  291.444244  
-151.871277  -896.517212  
137.454651  -33.622787  
-1496.609741  -661.100403  
1213.321167  -802.449036  
688.763977  -902.956787  
-207.989075  820.328308  
194.724197  -1026.108521  
-275.258636  1303.653687  
-124.221252  -1156.482666  
404.109009  -851.284119  
-105.471817  -552.688049  
979.696838  -1088.006348  
474.918549  -770.805603  
658.206055  1475.682617  
-327.942596  -26.895189  
-770.570984  81.767181  
770.153259  -1397.062744  
90.814415  314.793274  
1680.542725  238.038116  
1289.565308  -544.239990  
1069.978760  193.544586  
-685.869995  -286.391235  
-999.438965  -137.161346  
295.480621  -139.240448  
1031.666138  -245.146866  
-302.168884  344.918488  
-144.299576  1084.824341  
-373.851807  -503.737732  
-418.410309  849.683777  
465.561676  -446.663940  
452.070374  151.242325  
-56.595444  -260.131287  
-1793.633667  -429.204376  
-1069.991455  534.964722  
-633.294739  -77.137985  
241.981750  465.914337  
-622.465149  260.870483  
240.492172  -1860.337280  
-552.255371  403.485016  
-637.698303  117.722336  
-140.795624  -670.015442  
-147.969864  -651.034912  
-121.245262  -659.977539  
979.071350  3.645945  
1103.454468  -99.327377  
1638.738647  1815.865356  
244.042419  236.793732  
426.163208  148.531479  
1097.946289  2.127665  
-7.077551  -945.600708  
-737.299255  -384.927429  
-594.804932  -138.444870  
-419.850342  389.837585  
-924.328796  -678.456055  
510.688110  -343.025360  
581.790405  -378.879974  
-125.569603  278.759674  
-616.440063  -258.757599  
-232.558792  977.329041  
-1086.849854  -577.479736  
158.034988  266.728912  
-229.162308  267.858612  
-1489.144531  200.208633  
-958.496643  911.197449  
110.451820  416.426849  
-81.465050  622.988098  
224.979111  -1143.074951  
-1420.935669  -372.750153  
-352.374268  1135.486328  
-98.443756  89.651299  
789.615173  384.832428  
-572.669678  422.203644  
-184.576233  350.310242  
-90.380646  -297.760010  
-659.876892  670.700562  
-802.883728  889.350037  
-534.583069  -262.831970  
1077.803223  1458.481445  
-887.714355  275.986542  
1436.086060  382.803253  
692.657776  663.766968  
1037.231689  412.465759  
-288.573944  -878.429443  
-210.747238  -547.369934  
-574.707397  -117.458916  
-405.683197  788.744141  
-570.679443  783.435913  
-187.433578  -278.963165  
907.263184  -498.619354  
555.111572  -745.473083  
-646.801575  796.742126  
-491.096130  266.639893  
598.250366  -115.105125  
-333.252960  -319.150696  
-1132.828369  -578.557922  
-9.115664  382.925934  
-62.251591  -212.041443  
332.764343  409.805298  
156.653763  77.711060  
-999.357910  -140.885162  
-570.421021  129.901642  
55.582787  299.852905  
-334.138733  -1163.517456  
-606.261230  178.128571  
229.840607  -533.534729  
229.779999  -1165.770874  
-209.385376  -1115.037964  
249.559052  481.409027  
377.241669  -1865.435059  
-801.669189  -659.761658  
12.533438  -45.043182  
926.436157  -333.572449  
223.697021  -1145.428711  
-592.899292  752.402832  
-101.661705  -912.144104  
-204.363297  -120.889709  
271.262207  274.511810  
665.420227  460.452789  
53.875496  -820.516418  
166.013672  391.410553  
157.668289  432.604034  
-425.461639  663.433960  
-1300.941528  116.848564  
-522.910950  -811.578186  
636.079590  145.538086  
-628.721497  52.378799  
236.817169  651.913452  
-596.716919  783.074768  
48.272263  -541.468140  
447.446198  477.682556  
-541.001892  380.458527  
727.187195  899.658936  
705.187439  -524.420654  
278.626953  180.312714  
-439.325378  140.801315  
15.664156  632.288147  
602.694153  724.107178  
-266.645203  150.947266  
325.060608  -142.915756  
761.351990  -254.506653  
686.606262  425.521515  
123.703049  571.396057  
-560.037781  -550.863098  
-207.043427  910.247253  
-898.412781  -169.286514  
-481.609406  485.916718  
878.176147  1382.148682  
25.544548  89.389084  
225.022842  -164.422852  
-691.187683  -252.936096  
550.764771  668.397766  
934.342285  391.296112  
-888.754639  131.763428  
-76.832390  -1061.716553  
177.613144  -600.009705  
372.569122  462.779388  
-1376.159668  -150.456543  
-32.862305  21.330452  
-1687.455811  -472.950745  
898.700317  561.779236  
309.065277  -354.188812  
1262.285889  343.773254  
-1036.234253  201.791855  
-630.562378  -231.052444  
537.743591  -431.884613  
68.171928  1144.172485  
-1094.883301  1072.705811  
178.879166  -330.714478  
-1069.983154  -1154.109131  
162.864212  936.709106  
-49.787785  92.353096  
1297.517822  -661.462708  
413.085175  87.089493  
587.403015  -309.824890  
0.529808  -12.343121  
-140.590164  -603.157288  
-38.419533  554.843872  
514.443237  285.779694  
-339.092834  -881.931519  
-730.978394  -242.306488  
-239.206284  339.102081  
348.684265  581.947327  
-714.701843  -833.785645  
51.810516  -1068.428589  
379.422272  -414.917236  
1873.728149  -889.922058  
-1002.833740  -972.424500  
-1594.508301  292.861877  
-461.021515  433.604156  
59.958885  -732.069702  
-669.410400  -245.886398  
184.749741  866.935730  
667.118164  185.066711  
-931.785034  263.588013  
-370.656097  -654.403381  
920.493774  401.929413  
288.696014  706.511047  
166.501160  -313.780426  
40.475338  3.653061  
981.194946  -616.317749  
305.118500  -528.553345  
504.723846  93.410904  
121.037231  573.456604  
-154.152008  -258.179565  
160.825424  -285.686310  
264.562744  -716.328125  
-8.927166  -407.162659  
-153.101440  -514.920166  
460.684113  132.128632  
-644.839111  45.147396  
663.930054  117.100693  
-413.870239  -360.433716  
1028.780029  -1368.211914  
1598.128906  -33.906673  
945.877625  614.733276  
367.945801  925.176636  
1418.840942  -610.963135  
839.891052  546.884644  
485.873260  861.318787  
-443.563507  631.678223  
-485.879181  -74.118576  
-442.690460  -952.121704  
-610.973816  860.718933  
195.910309  -471.460327  
438.644226  747.466370  
-628.241699  2.145767  
-459.618561  -508.922333  
-844.656006  784.487854  
-415.018372  -643.674377  
-346.985138  774.749451  
-334.231598  -566.678955  
141.814850  648.075989  
-131.388336  879.840454  
1098.795166  877.646851  
589.533142  1418.675293  
-425.480591  1009.587891  
-548.418762  -350.481750  
879.580139  -502.474365  
436.351166  572.125977  
62.778316  -557.992859  
298.965179  -228.378845  
-659.534119  -613.457458  
1057.631226  -86.902496  
615.213684  -887.798767  
47.642094  -407.374817  
-248.247940  620.568298  
1028.619507  381.382812  
234.761215  -263.225739  
-11.983299  -1385.121338  
-886.931519  -689.979248  
115.140152  -538.363037  
-136.770447  581.374695  
131.846283  534.140015  
646.026123  849.198364  
-479.308594  -249.735779  
-1326.277466  715.063843  
228.192001  -1679.793579  
232.863403  -585.895081  
-877.200867  -749.217224  
1557.110107  711.327209  
-317.888245  493.238007  
1557.339355  285.128448  
-663.380737  -1566.850098  
